168,25,156,Pink
199,150,175,Pink
199,93,154,Pink
249,99,108,Pink
249,15,198,Pink
172,13,155,Pink
250,146,229,Pink
172,15,121,Pink
216,154,222,Pink
154,3,50,Pink
199,106,189,Pink
205,6,230,Pink
138,40,96,Pink
237,99,167,Pink
221,141,165,Pink
176,34,118,Pink
231,15,60,Pink
201,64,139,Pink
187,109,167,Pink
162,24,143,Pink
213,85,199,Pink
187,52,84,Pink
248,89,204,Pink
179,19,115,Pink
213,64,139,Pink
212,171,201,Pink
187,86,150,Pink
201,34,192,Pink
140,20,70,Pink
215,142,209,Pink
126,38,126,Pink
243,33,165,Pink
228,91,251,Pink
222,10,80,Pink
222,101,221,Pink
183,16,203,Pink
250,11,126,Pink
170,103,140,Pink
129,3,158,Pink
207,112,105,Pink
128,4,95,Pink
229,22,242,Pink
165,158,189,Pink
210,36,105,Pink
186,47,95,Pink
229,58,166,Pink
229,185,186,Pink
162,1,129,Pink
230,49,147,Pink
157,121,220,Pink
205,85,150,Pink
199,19,240,Pink
199,31,155,Pink
249,137,157,Pink
221,52,249,Pink
174,28,150,Pink
210,33,190,Pink
202,123,172,Pink
205,112,113,Pink
184,109,139,Pink
182,109,159,Pink
197,115,185,Pink
240,45,126,Pink
234,141,208,Pink
247,53,94,Pink
135,37,59,Pink
246,72,245,Pink
237,69,233,Pink
211,136,229,Pink
207,105,252,Pink
231,12,234,Pink
204,7,233,Pink
235,3,189,Pink
219,143,181,Pink
204,48,145,Pink
180,69,92,Pink
203,75,249,Pink
209,57,132,Pink
173,1,92,Pink
239,61,198,Pink
173,71,215,Pink
217,26,95,Pink
232,31,179,Pink
248,118,171,Pink
254,102,188,Pink
205,25,228,Pink
246,25,203,Pink
197,30,165,Pink
172,78,160,Pink
220,47,140,Pink
202,57,125,Pink
134,0,144,Pink
253,21,122,Pink
69,1,24,Pink
153,73,201,Pink
152,2,147,Pink
188,107,149,Pink
239,133,203,Pink
252,73,191,Pink
217,90,158,Pink
252,35,208,Pink
195,45,131,Pink
244,2,251,Pink
169,90,236,Pink
238,122,164,Pink
226,66,183,Pink
210,68,185,Pink
217,80,219,Pink
240,62,128,Pink
245,20,169,Pink
253,64,161,Pink
228,53,148,Pink
192,50,171,Pink
237,112,162,Pink
251,118,190,Pink
196,70,138,Pink
252,78,204,Pink
182,61,119,Pink
187,17,168,Pink
237,64,158,Pink
248,61,147,Pink
244,92,246,Pink
187,38,182,Pink
235,156,198,Pink
230,104,223,Pink
245,116,195,Pink
218,35,153,Pink
158,29,217,Pink
187,123,158,Pink
228,84,214,Pink
186,93,229,Pink
185,115,138,Pink
241,85,185,Pink
212,45,202,Pink
182,31,173,Pink
237,74,202,Pink
216,47,113,Pink
250,80,163,Pink
219,29,246,Pink
218,44,212,Pink
218,19,192,Pink
183,58,214,Pink
95,8,47,Pink
218,30,192,Pink
179,61,239,Pink
253,83,214,Pink
223,91,154,Pink
220,33,210,Pink
202,43,125,Pink
192,29,190,Pink
225,39,120,Pink
167,71,182,Pink
212,57,132,Pink
253,96,190,Pink
251,158,192,Pink
236,172,254,Pink
242,75,245,Pink
127,0,54,Pink
180,80,176,Pink
199,55,233,Pink
220,93,187,Pink
245,127,200,Pink
248,58,166,Pink
226,81,197,Pink
194,40,242,Pink
240,24,223,Pink
221,89,191,Pink
244,133,168,Pink
209,85,178,Pink
186,33,217,Pink
200,71,242,Pink
189,117,214,Pink
186,37,140,Pink
214,66,248,Pink
235,101,240,Pink
219,11,135,Pink
190,29,127,Pink
221,59,133,Pink
248,90,188,Pink
250,115,231,Pink
234,128,236,Pink
247,111,184,Pink
221,87,124,Pink
243,211,217,Pink
241,119,193,Pink
200,29,207,Pink
219,61,235,Pink
246,17,174,Pink
194,65,149,Pink
215,15,140,Pink
210,3,107,Pink
239,8,242,Pink
253,180,238,Pink
228,170,197,Pink
215,87,139,Pink
223,40,105,Pink
239,50,159,Pink
214,99,147,Pink
216,149,243,Pink
207,99,139,Pink
242,82,168,Pink
225,158,201,Pink
202,51,168,Pink
220,85,243,Pink
244,183,196,Pink
203,34,242,Pink
221,85,249,Pink
180,24,96,Pink
222,61,182,Pink
209,90,118,Pink
213,130,156,Pink
211,164,166,Pink
248,18,253,Pink
204,61,253,Pink
245,98,242,Pink
223,63,186,Pink
249,228,246,Pink
207,89,231,Pink
174,64,125,Pink
207,47,107,Pink
195,19,178,Pink
252,11,175,Pink
217,124,186,Pink
245,147,171,Pink
232,25,149,Pink
200,127,191,Pink
238,84,150,Pink
234,0,200,Pink
219,112,158,Pink
198,92,215,Pink
245,67,222,Pink
200,76,181,Pink
224,187,214,Pink
246,83,173,Pink
216,107,254,Pink
243,141,232,Pink
230,86,244,Pink
254,209,216,Pink
185,98,173,Pink
225,121,163,Pink
193,98,207,Pink
254,33,129,Pink
252,151,172,Pink
223,121,182,Pink
235,69,117,Pink
205,17,180,Pink
193,6,200,Pink
209,88,154,Pink
203,15,197,Pink
194,31,173,Pink
214,109,185,Pink
229,32,182,Pink
218,122,207,Pink
186,39,148,Pink
252,159,168,Pink
191,63,117,Pink
219,58,225,Pink
222,52,210,Pink
213,122,167,Pink
190,112,232,Pink
254,188,252,Pink
252,4,217,Pink
180,21,102,Pink
166,15,93,Pink
227,90,219,Pink
233,117,145,Pink
202,82,138,Pink
229,46,176,Pink
235,167,182,Pink
199,164,199,Pink
228,148,207,Pink
245,146,240,Pink
190,89,168,Pink
238,100,167,Pink
230,161,233,Pink
180,109,143,Pink
235,121,245,Pink
196,81,208,Pink
219,79,154,Pink
238,102,226,Pink
252,136,167,Pink
230,72,138,Pink
237,140,216,Pink
234,43,221,Pink
169,68,106,Pink
169,91,237,Pink
199,37,242,Pink
230,171,202,Pink
209,144,163,Pink
246,219,235,Pink
249,0,209,Pink
215,43,231,Pink
224,63,167,Pink
208,115,205,Pink
239,41,160,Pink
210,7,192,Pink
203,145,192,Pink
222,130,211,Pink
225,61,177,Pink
201,51,203,Pink
252,123,207,Pink
197,75,132,Pink
249,27,188,Pink
225,20,140,Pink
233,26,179,Pink
232,105,219,Pink
247,41,136,Pink
240,120,152,Pink
212,79,124,Pink
216,96,179,Pink
201,13,169,Pink
157,34,109,Pink
189,6,121,Pink
230,22,139,Pink
176,59,103,Pink
178,98,130,Pink
218,68,232,Pink
199,74,118,Pink
246,152,186,Pink
170,15,181,Pink
235,122,171,Pink
243,147,225,Pink
254,0,188,Pink
245,88,221,Pink
168,29,112,Pink
191,44,95,Pink
234,143,213,Pink
244,54,238,Pink
204,127,210,Pink
197,98,236,Pink
189,145,236,Pink
167,8,108,Pink
190,76,104,Pink
200,75,168,Pink
236,48,119,Pink
156,84,194,Pink
252,17,137,Pink
220,54,126,Pink
135,13,94,Pink
217,122,209,Pink
190,13,216,Pink
224,39,161,Pink
177,27,168,Pink
216,22,161,Pink
237,97,144,Pink
116,3,64,Pink
188,99,140,Pink
178,44,151,Pink
210,113,173,Pink
246,150,170,Pink
200,49,85,Pink
250,14,249,Pink
217,39,164,Pink
247,129,192,Pink
238,100,240,Pink
202,141,221,Pink
201,75,195,Pink
192,11,81,Pink
156,15,93,Pink
190,107,197,Pink
240,9,102,Pink
239,49,193,Pink
218,36,240,Pink
211,149,219,Pink
194,146,163,Pink
247,39,146,Pink
231,5,100,Pink
229,1,236,Pink
151,67,112,Pink
163,0,161,Pink
150,103,133,Pink
212,54,102,Pink
219,39,109,Pink
226,111,234,Pink
190,73,191,Pink
245,22,240,Pink
206,41,254,Pink
201,75,126,Pink
206,160,164,Pink
215,75,128,Pink
167,34,126,Pink
253,126,181,Pink
191,45,142,Pink
247,161,226,Pink
240,25,222,Pink
232,142,214,Pink
243,67,142,Pink
201,49,205,Pink
209,10,95,Pink
208,90,178,Pink
149,30,192,Pink
178,127,182,Pink
242,170,248,Pink
229,47,209,Pink
168,80,115,Pink
212,57,141,Pink
236,115,189,Pink
251,150,200,Pink
191,55,192,Pink
241,94,239,Pink
216,49,213,Pink
246,5,168,Pink
227,81,157,Pink
230,89,203,Pink
175,120,141,Pink
194,48,185,Pink
218,155,177,Pink
181,54,84,Pink
213,173,206,Pink
170,123,151,Pink
229,90,172,Pink
199,98,185,Pink
188,82,163,Pink
228,145,244,Pink
254,118,250,Pink
182,83,141,Pink
218,154,249,Pink
217,105,159,Pink
220,35,205,Pink
200,135,142,Pink
203,172,208,Pink
224,60,140,Pink
140,2,61,Pink
204,192,222,Pink
239,22,103,Pink
207,90,243,Pink
247,152,179,Pink
217,75,125,Pink
195,14,158,Pink
207,100,173,Pink
223,56,179,Pink
243,11,246,Pink
192,66,206,Pink
226,13,93,Pink
254,148,210,Pink
194,29,167,Pink
213,11,147,Pink
223,51,246,Pink
206,97,234,Pink
192,84,147,Pink
208,86,171,Pink
212,170,225,Pink
179,0,96,Pink
194,49,174,Pink
220,44,190,Pink
207,97,244,Pink
230,142,212,Pink
249,67,100,Pink
222,14,221,Pink
228,137,201,Pink
231,23,231,Pink
201,0,224,Pink
214,38,126,Pink
245,46,192,Pink
118,78,102,Pink
249,111,215,Pink
198,154,203,Pink
233,50,164,Pink
222,73,135,Pink
246,152,235,Pink
252,90,191,Pink
217,32,89,Pink
227,105,138,Pink
227,160,193,Pink
238,116,230,Pink
205,113,208,Pink
177,114,197,Pink
177,106,202,Pink
215,71,183,Pink
237,93,227,Pink
175,8,206,Pink
202,37,179,Pink
191,28,185,Pink
243,27,143,Pink
223,50,237,Pink
254,82,196,Pink
243,172,225,Pink
251,139,240,Pink
240,64,219,Pink
244,79,164,Pink
210,20,99,Pink
242,147,249,Pink
220,122,205,Pink
244,59,141,Pink
192,2,179,Pink
180,47,95,Pink
234,160,203,Pink
203,96,138,Pink
213,47,124,Pink
222,141,177,Pink
223,130,186,Pink
241,123,238,Pink
228,0,114,Pink
252,99,182,Pink
239,83,119,Pink
204,23,130,Pink
216,126,156,Pink
230,20,233,Pink
242,18,125,Pink
248,63,168,Pink
243,2,187,Pink
211,104,175,Pink
227,32,175,Pink
188,61,179,Pink
236,59,124,Pink
232,30,144,Pink
199,48,166,Pink
233,65,222,Pink
159,52,137,Pink
182,88,185,Pink
164,85,127,Pink
250,105,207,Pink
169,85,215,Pink
163,90,112,Pink
220,74,148,Pink
198,56,172,Pink
234,128,160,Pink
249,3,215,Pink
244,154,178,Pink
220,12,199,Pink
216,101,216,Pink
234,153,203,Pink
244,102,153,Pink
234,33,226,Pink
225,74,180,Pink
254,70,151,Pink
214,120,144,Pink
218,67,159,Pink
203,2,127,Pink
211,104,175,Pink
222,132,151,Pink
227,111,214,Pink
199,67,146,Pink
204,56,84,Pink
216,26,67,Pink
227,118,216,Pink
249,82,108,Pink
241,34,176,Pink
252,178,240,Pink
240,193,220,Pink
180,13,86,Pink
159,3,151,Pink
210,9,219,Pink
248,146,206,Pink
212,133,249,Pink
176,71,118,Pink
213,60,206,Pink
216,87,175,Pink
244,166,249,Pink
228,54,239,Pink
236,197,217,Pink
175,48,99,Pink
150,16,150,Pink
210,23,241,Pink
203,41,179,Pink
215,50,118,Pink
221,179,225,Pink
233,129,240,Pink
203,43,189,Pink
226,36,132,Pink
227,47,197,Pink
194,83,148,Pink
231,34,148,Pink
211,123,156,Pink
248,83,152,Pink
247,8,253,Pink
235,121,223,Pink
231,109,159,Pink
253,46,148,Pink
193,57,102,Pink
186,65,95,Pink
216,41,119,Pink
249,74,153,Pink
202,45,239,Pink
225,32,129,Pink
197,92,168,Pink
220,166,243,Pink
171,91,190,Pink
189,166,204,Pink
227,11,196,Pink
253,128,151,Pink
188,0,132,Pink
213,50,198,Pink
242,63,233,Pink
228,85,7,Orange
241,147,43,Orange
226,158,50,Orange
237,168,135,Orange
215,95,12,Orange
214,79,12,Orange
247,183,133,Orange
249,135,7,Orange
219,124,89,Orange
238,80,21,Orange
230,93,43,Orange
223,152,61,Orange
231,128,94,Orange
243,149,98,Orange
221,127,20,Orange
220,57,28,Orange
206,99,62,Orange
252,171,40,Orange
246,118,99,Orange
247,165,79,Orange
225,160,112,Orange
235,167,133,Orange
248,150,15,Orange
233,90,21,Orange
194,121,12,Orange
215,108,60,Orange
207,97,23,Orange
209,118,100,Orange
197,69,2,Orange
249,204,191,Orange
247,180,5,Orange
250,163,51,Orange
224,114,28,Orange
244,184,77,Orange
221,172,11,Orange
204,113,33,Orange
241,176,37,Orange
199,108,23,Orange
220,116,78,Orange
228,135,41,Orange
232,88,66,Orange
252,167,138,Orange
236,144,4,Orange
234,126,74,Orange
246,150,8,Orange
227,129,70,Orange
222,152,17,Orange
251,129,41,Orange
223,87,18,Orange
253,102,17,Orange
240,138,84,Orange
224,89,16,Orange
237,110,6,Orange
211,139,46,Orange
247,81,19,Orange
243,115,49,Orange
241,99,2,Orange
241,93,50,Orange
249,98,20,Orange
213,146,11,Orange
198,135,22,Orange
226,147,80,Orange
251,117,28,Orange
244,210,186,Orange
243,144,64,Orange
213,157,24,Orange
221,116,63,Orange
235,165,7,Orange
247,162,39,Orange
215,144,27,Orange
219,145,131,Orange
253,144,27,Orange
218,134,15,Orange
240,186,56,Orange
252,198,150,Orange
253,170,95,Orange
216,119,96,Orange
244,188,53,Orange
252,188,44,Orange
235,153,98,Orange
249,198,137,Orange
254,59,17,Orange
219,169,9,Orange
226,115,45,Orange
227,113,107,Orange
228,106,35,Orange
249,109,47,Orange
223,128,58,Orange
220,117,42,Orange
195,108,18,Orange
236,148,126,Orange
248,226,197,Orange
238,187,161,Orange
233,126,104,Orange
251,195,148,Orange
219,181,60,Orange
241,186,75,Orange
248,88,89,Orange
204,86,66,Orange
203,115,70,Orange
179,123,19,Orange
185,101,48,Orange
209,144,76,Orange
226,87,50,Orange
213,152,13,Orange
252,154,131,Orange
233,100,1,Orange
211,136,77,Orange
248,146,52,Orange
200,118,18,Orange
219,92,1,Orange
241,120,49,Orange
222,80,10,Orange
228,153,102,Orange
238,32,10,Orange
246,164,29,Orange
239,157,148,Orange
207,104,86,Orange
188,109,91,Orange
248,202,162,Orange
195,131,62,Orange
247,149,72,Orange
180,91,4,Orange
224,140,107,Orange
225,134,115,Orange
230,53,20,Orange
241,104,22,Orange
181,117,68,Orange
224,171,142,Orange
235,117,77,Orange
236,79,57,Orange
165,101,1,Orange
216,142,68,Orange
233,143,66,Orange
246,199,182,Orange
252,52,27,Orange
231,94,42,Orange
217,185,164,Orange
238,139,22,Orange
211,112,18,Orange
228,147,54,Orange
228,168,110,Orange
240,160,11,Orange
240,111,32,Orange
230,131,64,Orange
229,177,123,Orange
229,146,122,Orange
202,85,12,Orange
254,98,51,Orange
194,84,20,Orange
213,70,4,Orange
241,162,38,Orange
224,106,48,Orange
233,168,43,Orange
195,131,27,Orange
246,187,184,Orange
199,119,15,Orange
252,133,97,Orange
233,98,22,Orange
243,47,5,Orange
195,89,86,Orange
235,179,49,Orange
252,61,53,Orange
179,94,8,Orange
235,177,89,Orange
231,185,78,Orange
200,107,0,Orange
236,168,122,Orange
230,135,10,Orange
233,166,102,Orange
216,113,47,Orange
247,152,9,Orange
230,164,18,Orange
206,121,37,Orange
230,187,182,Orange
234,106,0,Orange
221,33,25,Orange
232,99,22,Orange
248,151,56,Orange
210,168,164,Orange
206,147,64,Orange
238,116,114,Orange
244,114,8,Orange
247,192,201,Orange
213,129,26,Orange
215,95,70,Orange
254,128,19,Orange
246,132,5,Orange
216,117,20,Orange
250,130,52,Orange
252,121,16,Orange
237,156,158,Orange
247,89,38,Orange
250,125,73,Orange
202,57,39,Orange
244,188,136,Orange
224,117,3,Orange
200,89,0,Orange
252,147,11,Orange
237,201,165,Orange
241,196,141,Orange
198,119,45,Orange
175,103,4,Orange
230,94,86,Orange
221,153,34,Orange